<!DOCTYPE html>
<html><head data-gwd-animation-mode="quickMode"><meta name="GCD" content="YTk3ODQ3ZWZhN2I4NzZmMzBkNTEwYjJl78ede2bf86530e570ec775c35d6979e2"/>
    <title>undefined</title>
    <meta http-equiv="Content-Type" content="text/html; charset=utf-8">
    <meta name="generator" content="Google Web Designer 1.1.1.0730">
    <style type="text/css">html, body {
  width: 100%;
  height: 100%;
  margin: 0px;
}

body {
  background-color: transparent;
  -webkit-transform: matrix3d(1, 0, 0, 0, 0, 1, 0, 0, 0, 0, 1, 0, 0, 0, 0, 1);
  -moz-transform: matrix3d(1, 0, 0, 0, 0, 1, 0, 0, 0, 0, 1, 0, 0, 0, 0, 1);
  transform: matrix3d(1, 0, 0, 0, 0, 1, 0, 0, 0, 0, 1, 0, 0, 0, 0, 1);
  -webkit-perspective: 1400px;
  -moz-perspective: 1400px;
  perspective: 1400px;
  -webkit-transform-style: preserve-3d;
  -moz-transform-style: preserve-3d;
  transform-style: preserve-3d;
}

.gwd-img-el8k {
  position: absolute;
  width: 231px;
  height: 229px;
  left: 353px;
  top: 56px;
  background-color: rgb(46, 62, 201);
  -webkit-transform-origin: -60px 229px 0px;
  -moz-transform-origin: -60px 229px 0px;
  transform-origin: -60px 229px 0px;
  -webkit-transform: matrix3d(0.9847517644, 0.1711906581, 0.030947071, 0, 0.0362843589, -0.3760956143, 0.9258701498, 0, 0.1701393779, -0.9106293689, -0.3765723631, 0, 0, 0, 0, 1);
  -moz-transform: matrix3d(0.9847517644, 0.1711906581, 0.030947071, 0, 0.0362843589, -0.3760956143, 0.9258701498, 0, 0.1701393779, -0.9106293689, -0.3765723631, 0, 0, 0, 0, 1);
  transform: matrix3d(0.9847517644, 0.1711906581, 0.030947071, 0, 0.0362843589, -0.3760956143, 0.9258701498, 0, 0.1701393779, -0.9106293689, -0.3765723631, 0, 0, 0, 0, 1);
  -webkit-transform-style: preserve-3d;
  -moz-transform-style: preserve-3d;
  transform-style: preserve-3d;
}

.gwd-div-upzx {
  position: absolute;
  width: 159px;
  height: 80px;
  left: 384px;
  top: 104px;
  font-family: 'Times New Roman';
  text-align: left;
  color: rgb(0, 0, 0);
}

</style>
  </head>
  
  <body>
    <img class="gwd-img-el8k">
    <div class="gwd-div-upzx">Welcome to TaskLOCK
      <div>
        <br>
      </div>
    </div>
  

</body></html>
